Our Inspiring Corporate
Redafs.com
118 30 2.64
0 0
1 2
2 4
0 6
3 7
2 8
0 10
3 12
2 14
1 16
2 17
0 18
2 18
1 20
2 20
0 22
1 22
3 24
3 26
2 28
1 30
0 32
0 34
1 36
2 36
1 38
0 40
2 40
3 42
2 44
1 46
0 48
3 50
3 52
0 54
1 56
2 58
1 60
0 62
0 64
2 64
0 66
1 66
1 68
2 68
2 70
0 70
3 72
0 74
2 74
1 76
2 76
0 78
3 80
0 82
2 82
1 84
2 84
2 86
3 88
1 90
2 92
1 94
0 96
0 98
1 98
0 100
2 100
3 102
0 104
2 104
0 106
2 106
3 108
0 110
1 112
2 114
1 116
0 118
1 120
2 122
3 124
3 126
1 128
2 129
0 130
1 132
2 134
1 136
2 137
0 138
3 140
0 142
1 142
1 144
2 144
0 146
2 146
0 148
2 148
3 150
0 152
1 154
2 156
0 158
3 159
2 160
0 162
3 164
2 166
1 168
2 169
0 170
2 170
1 172
2 172
0 174
1 174
3 176
3 178
2 180
1 182
0 184
0 184
1 186
2 186
1 188
0 190
2 190
3 192
2 194
1 196
0 198
3 200
3 202
0 204
1 206
2 208
1 210
0 212
0 214
2 214
0 216
1 216
1 218
2 218
2 220
0 220
3 222
0 224
2 224
1 226
2 226
0 228
3 230
0 232
2 232
1 234
2 234
2 236
3 238
1 240
2 242
1 244
0 246
0 248
1 248
0 250
2 250
3 252
0 254
2 254
0 256
2 256
3 258
0 260
1 262
2 264
1 268
0 268
1 270
2 272
3 274
3 276
1 278
2 279
0 280
1 282
2 284
1 286
2 287
0 288
3 290
0 292
1 292
1 294
2 294
0 296
2 296
0 298
2 298
3 300
0 302
1 304
2 306
1 308
0 310
1 312
2 314
3 316
3 320